ISS (ZARYA)             
1 25544U 98067A   26207.41084145  .00010751  00000+0  20166-3 0  9995
2 25544  51.6317 105.9876 0006941 339.4731  20.5977 15.49181604577830
MALLIGYONG-1            
1 58400U 23179A   26207.66266847  .00003279  00000+0  14296-3 0  9996
2 58400  97.2966  88.0903 0006670 244.4566 115.5982 15.22848620148761
KORSAT-7                
1 58463U 23185B   26207.65433554  .00002364  00000+0  18888-3 0  9997
2 58463  97.6373 271.2761 0023141 188.4856 171.5981 15.01011678145204
KORSAT-1                
1 59452U 24066L   26207.57394524  .00003582  00000+0  31496-3 0  9992
2 59452  45.4116  40.2061 0006614 273.5790  86.4332 14.98340803125960
KORSAT-2                
1 62377U 24247A   26207.32204856  .00002499  00000+0  22302-3 0  9996
2 62377  45.4102 224.9417 0001469  39.8198 320.2788 14.98778867 87437
KORSAT-3                
1 63630U 25081A   26207.52739652  .00003679  00000+0  31667-3 0  9990
2 63630  45.4109 131.8790 0009393  58.1251 302.0541 14.99111236 69083
ARIRANG-5 (KOMPSAT-5)   
1 39227U 13042A   26207.60555598  .00001958  00000+0  14416-3 0  9994
2 39227  97.6199  33.7521 0004020  22.1714 337.9686 15.04518553709780
KOMPSAT-3A              
1 40536U 15014A   26207.62464575  .00032975  00000+0  44304-3 0  9998
2 40536  97.6894 201.9332 0054134  35.2093 325.2718 15.56064353627946
